1 394
100 160
101 134
103 202
104 214
105 754
106 164
107 984
108 301
109 513
11 336
110 237
111 197
112 270
113 357
114 2348
115 156
116 119
117 125
118 154
119 144
12 151
120 186
122 377
123 2441
124 360
125 1334
126 368
127 946
129 175
13 138
130 247
131 112
133 1014
134 706
135 923
136 113
137 609
139 146
14 218
140 127
141 252
142 335
143 412
144 765
145 207
146 560
147 225
148 851
149 1006
15 210
150 1178
151 287
152 956
153 281
154 234
155 256
156 592
157 345
158 143
159 152
16 1907
160 145
161 117
162 146
163 206
164 926
165 182
166 304
167 71
168 542
169 444
17 210
170 597
172 103
173 489
174 1049
175 238
176 427
177 115
178 295
179 117
18 106
180 201
181 130
182 209
183 149
184 111
185 244
186 214
187 491
188 801
189 110
19 379
190 125
191 138
192 646
193 127
194 388
195 116
196 814
197 831
198 198
199 129
20 180
200 298
202 1375
203 887
204 1658
205 825
206 390
207 602
208 214
209 490
21 1057
211 145
213 275
214 373
215 106
218 106
219 271
22 190
220 123
221 1669
223 135
225 488
226 407
227 139
228 254
230 192
231 118
233 118
235 147
236 885
237 221
238 158
239 238
24 264
240 131
241 97
242 386
243 125
244 172
245 170
246 301
247 202
248 136
249 1214
25 160
250 107
251 144
252 562
253 201
254 118
255 163
257 260
258 225
259 237
26 180
260 562
261 361
263 506
265 248
266 247
268 206
27 1133
270 494
271 153
272 3544
273 497
274 515
275 175
276 173
277 231
278 755
279 136
28 806
280 128
281 610
282 186
283 412
284 113
285 189
286 168
287 112
288 105
289 238
29 232
290 120
291 459
292 113
293 520
294 190
295 103
296 407
297 193
298 1603
299 230
3 181
30 116
300 846
301 139
302 130
303 270
304 526
305 133
306 116
307 126
309 129
31 141
310 106
311 102
312 395
313 123
314 216
315 1491
316 811
317 2016
318 331
319 536
320 119
321 3681
323 133
324 174
325 44
326 186
327 288
329 207
33 185
330 205
331 406
332 726
333 134
334 185
335 454
337 490
338 118
339 781
34 113
340 249
341 153
342 136
343 150
344 537
345 437
346 194
347 159
348 308
349 151
35 140
350 116
351 200
352 219
353 186
354 111
355 323
356 547
357 210
358 103
359 137
36 127
360 244
361 168
362 82
363 387
364 459
365 134
366 184
367 164
368 184
369 139
37 311
370 308
371 182
372 184
373 317
374 150
376 274
377 109
378 161
38 147
380 96
381 420
382 199
383 224
384 216
385 467
386 124
387 315
388 302
389 165
39 118
390 335
391 395
392 181
393 4874
394 460
395 1044
396 302
397 233
398 123
399 184
40 145
400 177
401 126
403 1318
404 120
405 115
406 171
407 938
408 124
409 245
41 1331
410 150
411 801
412 336
413 315
414 394
415 221
417 229
418 286
419 121
42 172
420 140
421 1148
422 178
423 109
425 242
426 187
427 653
428 172
429 194
43 172
430 268
432 166
433 197
434 249
435 489
436 153
437 805
438 578
439 190
44 529
440 124
441 417
442 104
443 380
444 1715
445 211
446 144
447 188
449 366
45 775
450 209
451 110
452 118
453 132
454 174
455 100
456 151
457 218
458 121
459 272
46 191
460 126
461 1988
463 283
464 163
465 240
466 203
467 135
468 380
469 110
47 147
471 116
472 123
473 221
474 640
475 344
476 97
477 181
478 251
479 808
480 234
481 207
482 287
484 155
485 191
486 294
487 125
488 269
489 393
49 123
490 558
491 203
492 713
493 393
494 289
495 673
496 143
497 580
5 281
50 513
500 899
501 269
502 140
504 109
505 315
506 173
507 206
509 366
51 349
510 419
512 825
513 228
514 214
516 111
517 148
518 182
52 423
521 133
524 427
525 197
526 370
527 751
528 230
529 342
530 1642
531 173
532 213
533 111
534 108
535 178
537 183
538 1093
539 399
54 189
540 136
541 249
542 123
543 339
545 224
546 139
547 232
548 99
549 414
55 120
550 287
551 108
552 280
553 1331
554 335
555 343
556 327
557 2757
558 142
559 170
56 1074
560 357
561 209
562 3922
563 305
565 359
566 205
567 1829
569 286
57 181
571 150
573 1178
574 316
575 162
577 302
578 78
579 228
58 1391
580 2185
581 126
582 153
583 169
584 308
586 724
587 257
588 245
589 176
59 199
590 429
591 1003
592 208
593 320
594 371
596 811
597 17306
598 154
6 141
60 117
61 315
62 173
63 146
64 918
65 257
66 124
67 183
68 198
69 139
7 2269
70 783
71 660
72 742
73 606
74 524
75 279
76 146
77 140
78 228
79 546
8 956
80 1281
81 556
83 151
84 121
85 2717
86 147
87 143
88 188
89 142
9 174
90 272
91 137
92 127
93 130
94 1668
95 206
96 375
97 162
98 144
99 146
