1 198
100 75
101 67
103 102
104 104
105 372
106 84
107 492
108 149
109 259
11 167
110 118
111 97
112 135
113 180
114 1169
115 77
116 58
117 62
118 76
119 74
12 76
120 93
122 191
123 1211
124 181
125 674
126 183
127 478
129 88
13 66
130 123
131 56
133 502
134 353
135 462
136 57
137 301
139 78
14 112
140 61
141 127
142 169
143 205
144 386
145 97
146 289
147 114
148 432
149 512
15 103
150 588
151 147
152 485
153 138
154 113
155 130
156 304
157 169
158 70
159 76
16 947
160 72
161 51
162 73
163 103
164 470
165 89
166 155
167 37
168 261
169 224
17 105
170 296
172 50
173 242
174 519
175 122
176 206
177 59
178 148
179 59
18 53
180 103
181 64
182 105
183 70
184 57
185 120
186 112
187 245
188 404
189 52
19 187
190 64
191 66
192 324
193 62
194 196
195 59
196 394
197 424
198 99
199 65
20 93
200 147
202 686
203 441
204 831
205 412
206 193
207 299
208 110
209 243
21 526
211 68
213 140
214 184
215 52
218 52
219 133
22 95
220 62
221 839
223 67
225 245
226 201
227 65
228 126
230 98
231 60
233 60
235 77
236 450
237 111
238 81
239 116
24 133
240 65
241 46
242 189
243 63
244 86
245 87
246 149
247 101
248 68
249 598
25 80
250 53
251 69
252 275
253 101
254 60
255 82
257 135
258 116
259 117
26 90
260 283
261 179
263 251
265 124
266 128
268 104
27 567
270 245
271 76
272 1785
273 248
274 256
275 89
276 88
277 118
278 385
279 69
28 392
280 63
281 309
282 92
283 199
284 58
285 95
286 84
287 54
288 52
289 119
29 118
290 56
291 231
292 56
293 265
294 96
295 53
296 202
297 94
298 797
299 114
3 89
30 57
300 415
301 70
302 64
303 137
304 265
305 67
306 57
307 63
309 63
31 66
310 53
311 54
312 198
313 61
314 107
315 752
316 406
317 1005
318 165
319 266
320 58
321 1845
323 63
324 89
325 22
326 92
327 144
329 100
33 89
330 98
331 203
332 357
333 68
334 93
335 231
337 243
338 57
339 389
34 55
340 125
341 77
342 63
343 75
344 268
345 222
346 97
347 79
348 157
349 73
35 65
350 58
351 100
352 111
353 93
354 53
355 160
356 273
357 104
358 51
359 70
36 63
360 122
361 84
362 41
363 197
364 229
365 67
366 93
367 80
368 90
369 71
37 157
370 156
371 89
372 96
373 156
374 72
376 138
377 55
378 81
38 70
380 50
381 213
382 104
383 116
384 109
385 233
386 63
387 156
388 153
389 81
39 57
390 166
391 193
392 90
393 2436
394 231
395 518
396 155
397 116
398 63
399 94
40 74
400 91
401 61
403 662
404 56
405 58
406 85
407 471
408 64
409 124
41 663
410 71
411 391
412 166
413 156
414 201
415 108
417 114
418 147
419 59
42 84
420 70
421 563
422 89
423 51
425 123
426 93
427 322
428 86
429 96
43 84
430 134
432 81
433 99
434 126
435 244
436 76
437 400
438 293
439 96
44 264
440 61
441 208
442 53
443 189
444 853
445 105
446 71
447 96
449 185
45 391
450 109
451 53
452 57
453 65
454 86
455 49
456 74
457 109
458 60
459 138
46 96
460 60
461 996
463 138
464 83
465 117
466 102
467 67
468 196
469 55
47 72
471 56
472 60
473 110
474 316
475 180
476 48
477 92
478 125
479 402
480 117
481 107
482 145
484 78
485 99
486 142
487 61
488 137
489 197
49 61
490 278
491 101
492 362
493 190
494 145
495 334
496 72
497 291
5 140
50 255
500 451
501 131
502 70
504 55
505 157
506 85
507 101
509 184
51 175
510 206
512 416
513 114
514 105
516 55
517 76
518 91
52 211
521 61
524 216
525 101
526 188
527 376
528 115
529 171
530 823
531 87
532 107
533 59
534 55
535 88
537 92
538 546
539 196
54 92
540 67
541 122
542 61
543 165
545 114
546 71
547 116
548 50
549 208
55 59
550 143
551 52
552 141
553 666
554 167
555 172
556 163
557 1365
558 72
559 85
56 541
560 176
561 103
562 1963
563 149
565 178
566 104
567 926
569 141
57 93
571 75
573 592
574 162
575 79
577 152
578 39
579 113
58 701
580 1097
581 60
582 75
583 82
584 155
586 357
587 124
588 118
589 87
59 95
590 218
591 502
592 107
593 159
594 186
596 395
597 8645
598 75
6 71
60 58
61 155
62 87
63 68
64 454
65 125
66 60
67 92
68 98
69 68
7 1136
70 391
71 334
72 360
73 298
74 259
75 140
76 74
77 67
78 113
79 280
8 482
80 645
81 274
83 75
84 61
85 1379
86 73
87 70
88 95
89 72
9 79
90 132
91 69
92 60
93 67
94 836
95 105
96 188
97 81
98 71
99 75
